# id x y z vpar mu active
         1    4.653095143981547E-01    5.004468734571487E-01    2.690139264263955E-01    3.365975014520882E-01    8.069762706787292E-01 T
         2    3.691231075036122E-01    1.827742877510452E-03    3.796016586014358E-01   -1.062344299943614E+00    9.020241229894831E-01 T
         3    9.153679861213670E-02    2.625004972001944E-01    2.755102492778140E-03   -1.275377222906759E+00    2.576807436386477E-01 T
         4    5.103519458656575E-01    2.261186599425465E-01    3.331371829509431E-01    2.914351482711328E-01    1.869211761292626E-01 T
         5    1.338791610118566E-01    2.361265101543931E-01    9.548968482022061E-01   -1.187450051989441E+00    1.167858765241050E+00 T
         6    8.874557994559892E-01    7.772046686940594E-01    4.798603357881806E-01    1.583679224037147E+00    1.576843301807308E-02 T
         7    5.151888115363379E-03    8.233441762731651E-01    6.360699732251760E-01   -1.086115941077271E+00    1.792671813861832E+00 T
         8    5.330245004703945E-01    9.896039712212444E-01    1.302957770905291E-01   -1.335731767185428E+00    2.148032232316789E-01 T
         9    3.664707033359271E-01    3.303611610515688E-01    2.612042251827665E-02    1.391950134673236E+00    1.309233746236705E+00 T
        10    7.911378861975332E-01    8.017145866279221E-01    3.736882558447839E-01    6.088186208348940E-01    7.395053245140939E-01 T
        11    6.636612084191950E-01    4.376650345024076E-01    5.388542325683965E-02   -1.129001434071408E+00    6.898157952965882E-01 T
        12    1.842344518261645E-01    8.389039504828069E-01    4.905988831352115E-01   -3.962176704793702E-01    7.671449461079580E-01 T
        13    1.803411534676387E-01    1.039637579263629E-01    1.875133484205906E-01    1.737772156617795E-01    3.225556756056998E-01 T
        14    9.255006038270366E-01    4.328179078329176E-01    2.442002236599944E-01   -3.225219928032202E-01    4.352004856272170E-01 T
        15    4.699732857375671E-02    8.714183258785659E-01    3.950690493335347E-01   -9.622429985947131E-01    8.788929039948006E-02 T
        16    3.558988466046594E-01    3.564446535727606E-01    1.651936143350041E-01    1.279576426693818E-02    2.713891446023116E-01 T
        17    9.394227816264052E-01    9.335227444230595E-01    5.773393715945684E-01    2.424740607963284E-02    5.026256412789859E-01 T
        18    7.883621277802112E-01    6.342882418742913E-01    5.222263449376487E-01   -2.649378769217742E-01    3.608232097183289E-01 T
        19    8.797354124578955E-01    5.798451567246149E-01    1.509100153539750E-01    6.998371955246949E-02    3.986017606086925E-01 T
        20    2.876694561827009E-01    1.630149365132596E-01    9.353389964321573E-01    6.925246822461406E-01    8.692963260352772E-01 T
        21    6.173255143561190E-01    6.330444799643369E-01    9.716100862867304E-01    2.215986518356128E-01    9.661377883485511E-01 T
        22    8.426928988826018E-01    5.994307567791628E-01    4.158109171083340E-02    3.388987397706815E-01    2.312176166811736E+00 T
        23    8.937786808985215E-01    9.134868336435330E-01    7.994911558374804E-01    5.630906112540381E-02    9.921726628610771E-01 T
        24    3.794909789058550E-01    5.210755817338699E-01    9.129025575681705E-01   -1.650180682619692E-01    3.348184658490308E-01 T
        25    2.860958586706117E-01    3.160572940660571E-01    9.097317486661448E-01    6.712872832399578E-01    8.816545805748495E-01 T
        26    1.298972941113794E-01    4.836993869677526E-01    5.831579195952034E-02   -9.621674703693359E-01    4.627025067729026E-01 T
        27    7.898162000396487E-01    3.521276659654498E-01    3.193764303384995E-01   -2.053584382663099E+00    9.502737937513391E-01 T
        28    5.748112910586293E-01    2.561337598580390E-01    9.755326300948602E-02   -6.376351378689529E-01    5.192874275572892E-01 T
        29    8.591504000147542E-01    4.406266952728435E-01    5.571041845014268E-01    4.550113433775881E-01    3.168927534081903E-01 T
        30    4.414568578665830E-01    9.743457896354923E-01    2.225490709097308E-01    2.018198194961634E+00    3.686136238172828E+00 T
        31    2.381516507642722E-01    4.349406173662957E-01    5.299419918079188E-01   -9.137136634625919E-01    6.320736815175169E-01 T
        32    6.583529174593017E-02    8.747082986831627E-01    4.862549723943103E-01    4.449416196052082E-01    3.644596567336270E-01 T
        33    5.717076037751523E-02    1.868952012726385E-01    6.186111256985526E-01   -8.644365187258138E-01    1.782026711941031E+00 T
        34    5.862543214227764E-01    9.964626868111528E-03    3.405074915148678E-01   -9.571470188068050E-01    4.980499413556712E-01 T
        35    9.601525966741724E-01    1.574404914773166E-01    5.056357096158701E-02   -1.523042553593669E+00    1.268350844571734E+00 T
        36    6.749961545449890E-01    7.049720773844573E-01    3.663510013047918E-01    6.922462050800786E-02    1.836422405075799E-02 T
        37    4.083529884042955E-01    8.349946886368076E-01    5.098842514836962E-01   -6.565419722494499E-01    1.687306265090217E+00 T
        38    1.840441320334285E-01    6.255518202945634E-01    1.359057550091916E-01    6.414038849863326E-01    1.968741951813152E-01 T
        39    4.114423031079300E-01    5.655320125706419E-01    3.867243402739790E-01    8.100068512534893E-01    1.034291346280567E+00 T
        40    4.123442810778025E-01    8.035645212559112E-01    2.026853852557017E-01   -1.107065009332384E+00    2.567919316091876E+00 T
        41    6.342990724392888E-01    9.272152924455004E-01    5.414985947326316E-02   -8.195807922364158E-01    1.049362122660314E+00 T
        42    6.752276160807319E-01    2.125273590664022E-01    3.777819710150188E-01   -3.559140991624962E-01    4.375290903335207E-01 T
        43    8.351619076424932E-02    3.462896255486507E-01    8.220634367996693E-01   -1.056243995115172E+00    2.078310852060710E+00 T
        44    3.017812050195138E-01    5.263722943748026E-01    9.010773595670143E-02    5.692413263888340E-01    4.207855953254523E-01 T
        45    6.814448183271609E-01    4.254804236544708E-01    9.802069222184960E-01    2.167557352280683E-01    1.465208723505881E-01 T
        46    7.488678567503027E-01    1.073097438436907E-01    9.104368791550939E-01    9.151748439518494E-01    3.238694267131291E+00 T
        47    9.619250757118214E-02    5.982337054017639E-01    5.033626111214108E-01    1.261327519985934E+00    9.650191058720131E-01 T
        48    3.825889793803006E-02    8.659968292415120E-01    2.373259444717610E-01    3.096597857339375E-01    1.277025094501539E-01 T
        49    7.575088426115891E-01    7.342625789143762E-01    1.706522748884028E-01   -1.729361798488513E+00    2.143222984397744E-01 T
        50    7.850348358128522E-01    6.758041657923974E-02    2.726553673803684E-01    3.482201384124139E-01    1.145922303606873E+00 T
        51    3.746870354395220E-01    3.958135358667622E-01    2.310020109671446E-01    1.403975574441043E-01    8.642309384378190E-01 T
        52    2.942059692140234E-01    7.902600255440937E-01    8.610285746262437E-01    6.300755737018336E-01    1.340988721724067E+00 T
        53    1.776925066592147E-01    1.296274433328517E-01    3.991719762390134E-01   -1.924546734936212E+00    2.499183137133561E+00 T
        54    5.514245805478131E-01    4.647274891924005E-01    5.795055016047875E-02    1.084884027344124E+00    6.342116728764811E-02 T
        55    6.931828792766103E-01    8.108460211986622E-01    8.403784701423752E-01   -2.435018173502153E+00    9.321655160119152E-01 T
        56    2.194923544836315E-01    5.851606932070406E-01    2.713437459144524E-01    3.491661628294713E-01    4.863863830309004E-01 T
        57    5.933136242774556E-01    6.558982562805671E-02    4.134447953826867E-01    1.210267037275131E+00    6.815569016274771E-01 T
        58    4.542096364978827E-01    8.102680524280840E-01    2.162011855859397E-01   -5.779600714639888E-01    1.909735369856580E+00 T
        59    2.071067952998236E-01    4.823928474666809E-01    1.382229239756222E-01    6.579888382002786E-01    3.990797664403737E-01 T
        60    8.741545126086613E-01    4.911818651611264E-01    5.997484379508857E-01    1.172802086228365E+00    1.616798283030850E+00 T
        61    4.503622126577711E-01    6.876496113114094E-02    3.717145908381020E-02    3.438761011813898E-02    1.392523362789821E+00 T
        62    9.952498809763587E-01    7.929361405992869E-01    6.722551070311744E-01    2.899756759721682E-01    4.709631863934501E-01 T
        63    7.543828185883494E-02    4.069081889057969E-01    1.427890501724164E-02    6.103769988863226E-01    1.690365991945083E-01 T
        64    1.580364913163149E-01    1.479927749918739E-01    6.223437061328234E-01    4.126787111999350E-02    1.063099362210043E+00 T
        65    7.179850992708607E-01    1.324201668199806E-01    4.519595620481602E-01    1.875528457983499E+00    3.052428432198924E-01 T
        66    9.612824915672555E-01    8.551843096228627E-01    8.094646337911442E-01    3.287804534673864E-01    9.793176616677607E-01 T
        67    8.958068814599887E-01    9.637215236447815E-01    7.464327170117047E-02   -4.066044420831837E-01    5.706233672687135E-01 T
        68    4.361750968234513E-01    5.294697158382357E-01    3.651842129923061E-01   -3.893077515649139E-01    2.452998293820591E+00 T
        69    7.014388459607882E-01    3.935797113198780E-01    3.492167507820231E-01   -7.823968600337406E-01    3.996244424369316E-02 T
        70    7.503361127694831E-01    8.740696588761921E-01    6.150800234307930E-02    4.574969173196750E-01    1.785173068517952E-01 T
        71    3.035655770511758E-02    9.516822010737280E-01    8.884695238066984E-01    7.608818565409377E-01    6.235081607969917E-01 T
        72    5.780569422411324E-01    8.862379424323227E-01    3.794119255067561E-01    7.208509675587623E-01    3.594977874256481E-01 T
        73    1.101065574595111E-01    1.875634226964065E-02    8.833596603169553E-01   -1.416672905634495E-01    1.119344030875395E+00 T
        74    7.668071307264458E-01    5.633774374098676E-01    7.928700117434966E-01    1.579594474302277E+00    1.284313811279818E-02 T
        75    5.649857081896980E-01    2.647968615140269E-01    6.254648080845643E-01    2.257959155788050E-02    2.361708722497015E-01 T
        76    9.329400466729612E-01    5.630490052419324E-02    4.083589244139605E-01   -3.530109136417355E-02    1.233940051505821E+00 T
        77    7.595319320981434E-01    4.744644319452178E-01    8.670829459605598E-01   -1.944776871635860E+00    2.653027253647195E+00 T
        78    8.758451499175346E-02    7.507883794772956E-01    6.912853112142574E-01    3.580113096043075E-01    4.555923971854846E-01 T
        79    7.395161008419399E-01    8.494242675566064E-01    3.353713195105441E-01   -6.932598991282509E-01    5.470255492149712E-01 T
        80    7.348651755319723E-01    2.199065181580907E-02    5.531931380510383E-01   -2.593696597572651E-01    4.839594146722846E-02 T
        81    9.654094785592628E-01    8.684180750759996E-01    9.416559917959555E-01   -9.530366985456480E-01    9.780335004920073E-01 T
        82    9.627352878898124E-01    9.259273190192752E-01    3.557963294143820E-01   -4.890913516102990E-01    2.257335541477473E+00 T
        83    8.257223528582751E-01    5.373035483191716E-01    5.704205011917988E-01    9.234454567838123E-01    1.218439649310394E+00 T
        84    5.798962394536713E-01    5.276028564056356E-01    2.399334489084082E-01    1.534594919926334E-01    4.876977154738000E-01 T
        85    3.886878448798243E-01    1.425251583239830E-01    6.593180625251103E-03   -3.033200216486882E+00    5.247342905706937E-01 T
        86    2.251760023121808E-01    3.251528932603652E-01    9.604363098299644E-03    6.538188699219202E-01    3.616434897719346E+00 T
        87    1.216985767695474E-01    8.508398718375898E-01    8.325672545444588E-01   -1.565367289187573E-01    5.845644745826600E+00 T
        88    4.867894489039810E-01    9.973282010315613E-01    7.804597773485271E-01    2.777426175021627E-01    3.638413694650176E-01 T
        89    2.173091860158454E-01    7.909974535912783E-01    3.582619134097254E-01    2.273257011337011E-01    1.051280723371040E+00 T
        90    3.951765666805274E-01    2.094771944141234E-01    6.491272425674520E-01    9.371972005319035E-01    9.685787818830573E-01 T
        91    3.926398108238672E-01    4.883837324524618E-01    9.845084581098176E-01    2.040045799853445E-01    5.347835408228446E-01 T
        92    9.903253517091752E-01    9.575798777458532E-01    8.659618741512976E-01   -4.572885081721222E-01    1.134051678954080E+00 T
        93    9.213564295586479E-01    6.923095782183865E-01    7.470309661422321E-01    9.039994520700073E-01    4.816024939985363E-02 T
        94    6.755226008071037E-01    1.837794656375171E-01    9.896534343724946E-01   -7.237349019311395E-01    1.685981560415261E+00 T
        95    3.798129166556617E-01    3.340930507651342E-01    6.386710575782327E-02    1.622978929025100E+00    3.443883455990032E+00 T
        96    7.137114685769026E-01    7.219229930778567E-01    5.718846841339182E-01    4.525470003077025E-01    1.807957149753375E-01 T
        97    6.367839161025146E-02    6.525729952006190E-01    4.102668857106114E-01   -3.283249457496851E-01    1.637894063169064E-01 T
        98    3.908427472918397E-01    9.129872534022779E-01    3.841425903618475E-01   -1.050474889404034E+00    4.571866114082338E-01 T
        99    3.441270536688013E-01    7.666838962250719E-01    9.642849298500289E-01   -1.866740689272182E-01    3.995349470513716E-01 T
       100    4.325560565766177E-01    3.998678507512893E-01    8.566158214150252E-02    2.839738826453360E-01    1.948940688367298E-01 T
